[base]
package = ocean
env_name = puffer_ctf
policy_name = Policy
rnn_name = Recurrent

[vec]
num_envs = 32
num_workers = 2
batch_size = 32
zero_copy = False
backend = Multiprocessing
; Debugging
; num_envs = 1
; backend = Serial

[env]
num_envs = 32

[train]
device = cpu
env_batch_size = 32
adam_beta1 = 0.9729139849167456
adam_beta2 = 0.9999043067891802
adam_eps = 0.00000043194286458257
batch_size = auto
bptt_horizon = 64
checkpoint_interval = 200
clip_coef = 0.3912399785885669
ent_coef = 0.013449906174558369
gae_lambda = 0.9855574395678534
gamma = 0.9891131340303068
learning_rate = 0.011466643167552056
max_grad_norm = 3.5616735490506617
max_minibatch_size = 32768
min_lr_ratio = 0.2501703625523142
minibatch_size = 1024
prio_alpha = 0.6682591275766041
prio_beta0 = 0.5486442467355981
total_timesteps = 100_000_000
update_epochs = 1
use_rnn = true
vf_clip_coef = 0.45929708823836424
vf_coef = 3.837482729871948
vtrace_c_clip = 1.0204307329179834
vtrace_rho_clip = 4.8551074953406665